0.00 2.36 1.44 2.98 2.16 3.86 1.13 1.30 1.26 4.09 
2.36 0.00 1.40 1.22 0.22 3.78 2.77 3.45 3.58 4.16 
1.44 1.40 0.00 2.49 1.31 2.84 1.41 2.19 2.44 3.16 
2.98 1.22 2.49 0.00 1.21 5.00 3.70 4.24 4.24 5.38 
2.16 0.22 1.31 1.21 0.00 3.83 2.63 3.29 3.40 4.20 
3.86 3.78 2.84 5.00 3.83 0.00 2.92 3.61 4.10 0.41 
1.13 2.77 1.41 3.70 2.63 2.92 0.00 0.86 1.26 3.08 
1.30 3.45 2.19 4.24 3.29 3.61 0.86 0.00 0.51 3.71 
1.26 3.58 2.44 4.24 3.40 4.10 1.26 0.51 0.00 4.21 
4.09 4.16 3.16 5.38 4.20 0.41 3.08 3.71 4.21 0.00 
